4.887 4.234 0
4.879 4.734 0
5.045 4.578 0
4.824 4.729 0
5.1 4.752 0
5.057 4.862 0
4.504 4.285 0
4.564 4.665 0
4.848 4.87 0
5.098 4.229 0
4.838 4.898 0
4.894 4.799 0
4.88 4.922 0
4.617 4.866 0
4.451 4.679 0
4.675 4.471 0
4.946 4.081 0
4.664 4.792 0
4.264 4.189 0
4.912 4.679 0
4.733 4.691 0
5.075 4.574 0
5.101 4.838 0
5.337 5.165 1
5.075 5.229 1
5.57 6.004 1
5.657 5.809 1
4.874 5.452 1
5.436 5.806 1
4.886 5.495 1
5.026 5.602 1
5.391 5.244 1
5.569 5.303 1
4.809 5.561 1
4.941 5.8 1
4.94 5.319 1
5.066 5.162 1
5.27 5.597 1
5.296 5.221 1
5.593 5.661 1
5.206 5.383 1
4.981 5.307 1
5.433 5.33 1
5.474 5.464 1
4.984 5.417 1
5.068 5.474 1
5.476 5.492 1
5.4 5.264 1
5.299 5.611 1
5.275 4.893 2
5.339 4.476 2
5.895 4.843 2
5.509 4.815 2
5.268 4.846 2
5.656 5.195 2
5.133 5.026 2
5.697 4.903 2
5.217 4.867 2
5.327 4.638 2
5.303 4.869 2
5.563 4.896 2
5.515 4.189 2
5.39 4.716 2
5.196 4.65 2
6.013 5.096 2
5.409 4.841 2
5.427 4.717 2
5.471 4.748 2
5.272 4.954 2
5.288 4.782 2
5.538 5.058 2
5.631 4.427 2
5.733 4.403 2
6.149 4.746 2
4.429 4.915 3
4.187 5.664 3
4.788 5.496 3
4.63 5.08 3
4.631 5.321 3
4.747 5.226 3
4.696 5.257 3
4.776 5.266 3
4.578 5.025 3
4.926 5.176 3
4.829 4.995 3
4.77 5.202 3
4.228 5.277 3
4.597 5.106 3
4.583 5.275 3
4.672 5.038 3
4.508 5.024 3
4.827 5.033 3
3.957 5.346 3
4.875 5.103 3
4.468 5.027 3
4.668 5.422 3
4.871 5.186 3
4.317 5.262 3
4.488 4.877 3
4.115 5.301 3
