4.429 4.915 0
4.187 5.664 0
4.788 5.496 0
4.63 5.08 0
4.631 5.321 0
4.747 5.226 0
4.696 5.257 0
4.776 5.266 0
4.578 5.025 0
4.926 5.176 0
4.829 4.995 0
4.77 5.202 0
4.228 5.277 0
4.597 5.106 0
4.583 5.275 0
4.672 5.038 0
4.508 5.024 0
4.827 5.033 0
3.957 5.346 0
4.875 5.103 0
4.468 5.027 0
4.668 5.422 0
4.871 5.186 0
4.317 5.262 0
4.488 4.877 0
4.115 5.301 0
5.275 4.893 1
5.339 4.476 1
5.895 4.843 1
5.509 4.815 1
5.268 4.846 1
5.656 5.195 1
5.133 5.026 1
5.697 4.903 1
5.217 4.867 1
5.327 4.638 1
5.303 4.869 1
5.563 4.896 1
5.515 4.189 1
5.39 4.716 1
5.196 4.65 1
6.013 5.096 1
5.409 4.841 1
5.427 4.717 1
5.471 4.748 1
5.272 4.954 1
5.288 4.782 1
5.538 5.058 1
5.631 4.427 1
5.733 4.403 1
6.149 4.746 1
5.337 5.165 2
5.075 5.229 2
5.57 6.004 2
5.657 5.809 2
4.874 5.452 2
5.436 5.806 2
4.886 5.495 2
5.026 5.602 2
5.391 5.244 2
5.569 5.303 2
4.809 5.561 2
4.941 5.8 2
4.94 5.319 2
5.066 5.162 2
5.27 5.597 2
5.296 5.221 2
5.593 5.661 2
5.206 5.383 2
4.981 5.307 2
5.433 5.33 2
5.474 5.464 2
4.984 5.417 2
5.068 5.474 2
5.476 5.492 2
5.4 5.264 2
5.299 5.611 2
4.887 4.234 3
4.879 4.734 3
5.045 4.578 3
4.824 4.729 3
5.1 4.752 3
5.057 4.862 3
4.504 4.285 3
4.564 4.665 3
4.848 4.87 3
5.098 4.229 3
4.838 4.898 3
4.894 4.799 3
4.88 4.922 3
4.617 4.866 3
4.451 4.679 3
4.675 4.471 3
4.946 4.081 3
4.664 4.792 3
4.264 4.189 3
4.912 4.679 3
4.733 4.691 3
5.075 4.574 3
5.101 4.838 3
